image: /data/maps/2011-01-21-09-01-36.pgm
resolution: 0.050000
origin: [-19.596315, -32.250000, 0.0]
negate: 0
occupied_thresh: 0.65
free_thresh: 0.196
