image: /data/maps/2011-03-18-06-00-24.pgm
resolution: 0.050000
origin: [-48.965155, -16.659045, 0.0]
negate: 0
occupied_thresh: 0.65
free_thresh: 0.196
