image: /data/maps/2011-01-20-07-18-45.pgm
resolution: 0.050000
origin: [-16.803955, -10.404376, 0.0]
negate: 0
occupied_thresh: 0.65
free_thresh: 0.196
